0.0 231.97444082944995
500.0 191.97444082944995
500.0 180.67087727152688
485.54632981827785 0.0
477.52077064772794 0.0
493.56197401403807 200.51504207887695
485.587451785749 201.15300385714008
469.4952114771778 0.0
461.46965230662784 0.0
477.61292955746006 201.7909656354032
469.638407329171 202.42892741366632
453.4440931360777 0.0
445.41853396552773 0.0
461.66388510088206 203.06688919192945
453.689362872593 203.70485097019255
437.3929747949776 0.0
429.3674156244276 0.0
445.71484064430405 204.34281274845569
437.740318416015 204.9807745267188
421.3418564538775 0.0
413.3162972833275 0.0
429.76579618772604 205.61873630498192
421.7912739594371 206.25669808324503
405.2907381127775 0.0
397.2651789422274 0.0
413.81675173114803 206.89465986150816
405.8422295028591 207.53262163977126
389.2396197716774 0.0
381.2140606011273 0.0
397.86770727457 208.1705834180344
389.8931850462811 208.8085451962975
373.1885014305773 0.0
365.1629422600272 0.0
381.918662817992 209.44650697456063
373.94414058970307 210.08446875282374
357.13738308947717 0.0
349.1118239189271 0.0
365.969618361414 210.72243053108687
357.99509613312506 211.36039230935
341.08626474837706 0.0
333.060705577827 0.0
350.020573904836 211.9983540876131
342.04605167654705 212.63631586587624
325.03514640727695 0.0
317.0095872367269 0.0
334.071529448258 213.27427764413937
326.09700721996904 213.91223942240248
308.98402806617685 0.0
300.9584688956269 0.0
318.1224849916801 214.55020120066558
310.14796276339104 215.18816297892872
292.93290972507674 0.0
291.3737799393583 0.0
0.0 23.30990239514867
0.0 31.335461565698722
391.693269571234 0.0
493.571888988828 0.0
500.0 80.35138763965034
500.0 87.64217161229931
0.0 127.64217161229931
0.0 111.59105327119921
500.0 71.5910532711992
500.0 63.565494100649175
0.0 103.56549410064918
0.0 95.53993493009912
500.0 55.539934930099115
500.0 47.51437575954907
0.0 87.51437575954907
0.0 71.46325741844896
500.0 31.463257418448958
500.0 15.41213907734888
0.0 55.41213907734888
0.0 39.361020736248776
492.0127592031097 0.0
500.0 23.437698247898908
0.0 63.43769824789891
0.0 47.38657990679883
500.0 7.386579906798826
500.0 39.488816588999015
0.0 79.48881658899901
0.0 119.61661244174925
500.0 79.61661244174925
500.0 95.66773078284936
0.0 135.66773078284936
0.0 150.47923444781398
7.116118088409062 239.43071055292728
23.06516254498708 238.15478699640104
4.012779585274988 0.0
20.0638979263751 0.0
39.014207001565076 236.8788634398748
54.96325145814309 235.60293988334854
36.1150162674752 0.0
52.16613460857531 0.0
70.9122959147211 234.3270163268223
86.86134037129905 233.05109277029607
68.21725294967536 0.0
84.26837129077546 0.0
102.81038482787706 231.77516921376983
118.75942928445507 230.4992456572436
100.31948963187557 0.0
90.73480067560737 0.0
0.0 7.258784054048588
0.0 15.284343224598613
191.0542903074827 0.0
196.62619967847615 0.0
214.45369602392304 222.84370431808617
198.50465156734504 224.1196278746124
180.57508133737605 0.0
164.52396299627594 0.0
182.55560711076703 225.39555143113864
166.60656265418908 226.67147498766488
148.4728446551759 0.0
132.42172631407578 0.0
150.65751819761107 227.94739854419112
134.70847374103306 229.22332210071735
116.37060797297568 0.0
108.34504880242562 0.0
126.73395151274407 229.86128387898046
142.68299596932206 228.58536032245422
124.39616714352573 0.0
140.44728548462584 0.0
158.63204042590007 227.30943676592798
174.58108488247808 226.03351320940175
156.49840382572594 0.0
172.549522166826 0.0
190.53012933905603 224.7575896528755
206.47917379563404 223.48166609634927
188.6006405079261 0.0
204.6517588490262 0.0
222.42821825221208 222.20574253982304
238.37726270879006 220.9298189832968
220.70287719012632 0.0
236.75399553122642 0.0
254.32630716536806 219.65389542677056
270.2753516219461 218.37797187024432
252.80511387232653 0.0
268.85623221342667 0.0
286.2243960785241 217.1020483137181
294.198918306813 216.46408653545495
276.88179138397663 0.0
284.9073505545268 0.0
302.1734405351021 215.82612475719182
278.249873850235 217.7400100919812
260.8306730428765 0.0
244.77955470177642 0.0
262.300829393657 219.01593364850743
246.351784937079 220.2918572050337
228.7284363606763 0.0
212.67731801957626 0.0
230.40274048050105 221.5677807615599
110.78490705616606 231.13720743550672
92.29393046132552 0.0
76.24281212022542 0.0
94.83586259958805 232.41313099203296
78.88681814301005 233.6890545485592
60.19169377912531 0.0
44.14057543802526 0.0
62.937773686432095 234.96497810508544
46.98872922985409 236.24090166161167
28.089457096925152 0.0
12.038338755825043 0.0
31.03968477327608 237.5168252181379
15.090640316698067 238.79274877466415
0.0 50.159744815938296
0.0 143.69328995339941
500.0 103.69328995339941
500.0 111.71884912394945
0.0 151.71884912394947
0.0 167.76996746504958
500.0 127.76996746504958
500.0 119.74440829449951
0.0 159.74440829449952
0.0 175.7955266355996
500.0 135.7955266355996
500.0 151.8466449766997
0.0 191.8466449766997
0.0 207.89776331779981
500.0 167.89776331779981
500.0 183.9488816588999
0.0 223.9488816588999
0.0 215.92332248834984
500.0 175.92332248834984
500.0 159.87220414724976
0.0 199.87220414724976
0.0 183.82108580614965
500.0 143.82108580614965
0.0 231.97444082944995
